
C = [[1.0,0,0,0,0,0,0,0,0,0,0,0,0,0,0,0,0,0,0,0];

[-1.732050807568877,3.464101615137754,0,0,0,0,0,0,0,0,0,0,0,0,0,0,0,0,0,0];

[2.23606797749979,-13.41640786499874,13.41640786499874,0,0,0,0,0,0,0,0,0,0,0,0,0,0,0,0,0];

[-2.645751311064591,31.74901573277509,-79.37253933193772,52.91502622129181,0,0,0,0,0,0,0,0,0,0,0,0,0,0,0,0];

[3.0,-60.0,270.0,-420.0,210.0,0,0,0,0,0,0,0,0,0,0,0,0,0,0,0];

[-3.3166247903554,99.498743710662,-696.491205974634,1857.309882599024,-2089.473617923902,835.7894471695607,0,0,0,0,0,0,0,0,0,0,0,0,0,0];

[3.605551275463989,-151.4331535694875,1514.331535694875,-6057.326142779501,11357.48651771157,-9994.588135586178,3331.529378528726,0,0,0,0,0,0,0,0,0,0,0,0,0];

[-3.872983346207417,216.8870673876154,-2927.975409732807,16266.53005407115,-44732.95764869567,64415.45901412176,-46522.27595464349,13292.07884418386,0,0,0,0,0,0,0,0,0,0,0,0];

[4.12310562561766,-296.8636050444716,5195.113088278253,-38097.49598070719,142865.6099276519,-297160.468649516,346687.2134244354,-212257.4776067972,53064.36940169929,0,0,0,0,0,0,0,0,0,0,0];

[-4.358898943540674,392.3009049186606,-8630.619908210534,80552.45247663166,-392693.2058235793,1099540.976306022,-1832568.29384337,1795168.940907791,-953683.4998572641,211929.6666349476,0,0,0,0,0,0,0,0,0,0];

[4.58257569495584,-504.0833264451424,13610.24981401884,-157273.9978508844,963303.2368366672,-3467891.652612002,7706425.894693337,-1.069463185386014*10^7,9023595.626694493,-4233291.775486305,846658.3550972611,0,0,0,0,0,0,0,0,0];

[-4.79583152331272,633.049761077279,-20574.11723501157,288037.6412901619,-2160282.309676214,9678064.747349441,-2.7421183450823416*10^7,5.036543899130831*10^7,-5.980895880217862*10^7,4.4302932446058235*10^7,-1.860723162734446*10^7,3383133.023153538,0,0,0,0,0,0,0,0];

[5.0,-780.0,30030.0,-500500.0,4504500.0,-2.450448*10^7,8.576568*10^7,-1.9953648*10^8,3.1177575*10^8,-3.23323*10^8,2.1339318*10^8,-8.112468*10^7,1.352078*10^7,0,0,0,0,0,0,0];

[-5.196152422706631,945.6997409326069,-42556.4883419673,832215.772020694,-8842292.577719875,5.729805590362477*10^7,-2.419251249264157*10^8,6.912146426469021*10^8,-1.3608288277110883*10^9,1.848039148743454*10^9,-1.7001960168439775*10^9,1.0116868860559204*10^9,-3.512801687694168*10^8,5.404310288760259*10^7,0,0,0,0,0,0];

[5.385164807134504,-1130.884609498246,58805.99969390878,-1332935.993061932,1.6495082914141412*10^7,-1.2536263014747473*10^8,6.268131507373738*10^8,-2.1490736596709958*10^9,5.171208493583334*10^9,-8.810207063141975*10^9,1.057224847577037*10^10,-8.737395434520967*10^9,4.7327558603655234*10^9,-1.5122415175132442*10^9,2.1603450250189202*10^8,0,0,0,0,0];

[-5.567764362830022,1336.263447079205,-79507.6751012127,2067199.55263153,-2.9457593624999306*10^7,2.592268238999939*10^8,-1.5121564727499645*10^9,6.110346563357*10^9,-1.756724636965137*10^10,3.643577024816581*10^10,-5.465365537224872*10^10,5.871880329249862*10^10,-4.403910246937396*10^10,2.188925803211487*10^10,-6.477433499299299*10^9,8.636577999065732*10^8,0,0,0,0];

[5.744562646538029,-1562.521039858344,105470.1701904382,-3117229.474517396,5.065497896090768*10^7,-5.106021879259495*10^8,3.4323813743911047*10^9,-1.611117787979498*10^10,5.437522534430806*10^10,-1.342598156649582*10^11,2.443528645102239*10^11,-3.271501161211262*10^11,3.180626128955394*10^11,-2.183151662478258*10^11,1.002467600117568*10^11,-2.762355164768408*10^10,3.45294395596051*10^9,0,0,0];

[-5.916079783099616,1810.320413628483,-137584.3514357647,4586145.047858822,-8.427041525440586*10^7,9.640535505104031*10^8,-7.391077220579757*10^9,3.982131400475624*10^10,-1.555520078310791*10^11,4.493724670675618*10^11,-9.706445288659333*10^11,1.572283699650603*10^12,-1.899842803744478*10^12,1.686251009240661*10^12,-1.06681186298899*10^12,4.55173061541969*10^11,-1.173493049287889*10^11,1.380580057985752*10^10,0,0];

[6.08276253029822,-2080.304785361991,176825.9067557692,-6601500.518882051,1.3615594820194232*10^8,-1.753688612841017*10^9,1.519863464462215*10^10,-9.305286517115601*10^10,4.158299912336034*10^11,-1.386099970778678*10^12,3.492971926362269*10^12,-6.697268486909473*10^12,9.766849876742982*10^12,-1.074931406552778*10^13,8.774950257573697*10^12,-5.147970817776569*10^12,2.051144622707852*10^12,-4.968170366420402*10^11,5.52018929602267*10^10,0];

[-6.244997998398398,2373.099239391391,-224257.8781224865,9319160.713089993,-2.1434069640106984*10^8,3.086506028175406*10^9,-3.000769749614978*10^10,2.069918725244617*10^11,-1.047896354655088*10^12,3.984593546095889*10^12,-1.155532128367808*10^13,2.578460121151306*10^13,-4.440681319760584*10^13,5.885873465244796*10^13,-5.945933398563621*10^13,4.49248301224807*10^13,-2.456826647323163*10^13,9.181220688958533*10^12,-2.096945465996702*10^12,2.207311016838634*10^11]];