LS_coeffs = [[1.0,0,0,0,0,0,0,0,0,0,0,0,0,0,0,0,0,0,0,0,0];

[-1.309307341415954,2.618614682831908,0,0,0,0,0 ,0,0,0,0,0,0,0,0,0,0,0,0,0,0];

[1.025978352085154,-6.155870112510924,6.155870112510924,0,0,0,0,0,0,0,0,0 ,0,0,0,0,0,0,0,0,0];

[-.4611123341633879,8.991690516186065,-24.20839754357787,16.13893169571858,0,0,0,0,0, 0,0,0,0,0,0,0,0,0,0,0,0];

[.1481622627381849,-10.7417640485184,60.00571640896487,-98.52790472089295, 49.26395236044647,0,0,0,0,0,0,0,0,0,0,0,0,0,0,0,0];

[-.03381917914394075,12.11149353092378,- 116.2957022812262,344.744257398546,-400.8206838165927,160.3282735266371,0,0,0,0,0,0,0,0,0,0,0,0,0,0,0];

[ .006766284996036635,-13.33888508406172,195.4652867511308,-903.8826390517991,1801.015908820051,- 1618.889507152982,539.6298357176609,0,0,0,0,0,0,0,0,0,0,0,0,0,0];

[-.001060157707560134,14.47138461769436,- 299.5716457290346,1983.647172045856,-5931.085424873533,8882.806795016983,-6510.372625067568,1860.10646430502,0 ,0,0,0,0,0,0,0,0,0,0,0,0];

[1.5424336443636905*10^-4,-15.52695166193334,430.696445774551,-3856.770590283071, 16025.07988436482,-35201.7571424883,42210.12510653002,-26122.46233631479,6530.615584078697,0,0,0,0,0,0,0,0,0 ,0,0,0];

[-1.8328578669349208*10^-5,16.51833153846728,-590.8322837945683,6866.914183692338,-37681.94882002069, 112891.7978000358,-195525.4817081335,195445.085396761,-104685.496538685,23263.44367526334,0,0,0,0,0,0,0,0,0, 0,0];

[2.089362779090804*10^-6,-17.45537036124287,781.8611473772627,-11433.97245428609,79889.17747996181,- 311198.0429751744,725587.9162417443,-1036091.198665511,887863.3316589602,-419227.0213283883,83845.40426567766,0 ,0,0,0,0,0,0,0,0,0];

[-1.9963701045508223*10^-7,18.34578583143898,-1005.558057327523,18059.00280873156,- 156273.5685361007,764958.9791900505,-2293317.732083864,4366296.516881573,-5300486.74708768,3974763.263497469,- 1678126.391820124,305113.8894218407,0,0,0,0,0,0,0,0,0];

[1.8688513908482873*10^-8,-19.19570976649335, 1263.605613700827,-27328.86951152618,286593.8473605519,-1718059.165789806,6410185.755852127,-1.5561099743905116* 10^7,2.50019578152082*10^7,-2.638632250834797*10^7,1.758913175719628*10^7,-6715563.957560013,1119260.659593335,0,0,0 ,0,0,0,0,0];

[-1.4921505481889002*10^-9,20.0100843152494,-1557.606902669611,39920.648805442,-498488.9142757967, 3586427.85327461,-1.6249694375677898*10^7,4.873029525707145*10^7,-9.917414000836536*10^7,1.3771654542833234*10^8,- 1.285202571812913*10^8,7.710690911666565*10^7,-2.686979481457907*10^7,4133814.586858318,0,0,0,0,0,0,0];

[ 1.184426479554637*10^-10,-20.79294861498547,1889.095910409138,-56605.82863299954,829494.8644202442,- 7046155.934205143,3.8031069674109913*10^7,-1.375878467217211*10^8,3.438815174205168*10^8,-6.01682587571684*10^8, 7.352969130325476*10^8,-6.149249276910407*10^8,3.3539747518276297*10^8,-1.0749691718504133*10^8,1.5356702455005905*10^7 ,0,0,0,0,0,0];

[-8.119200726301912*10^-12,21.54764684641011,-2259.54584763383,78254.32921337945,- 1329343.285103175,1.3153160352271062*10^7,-8.326817460201064*10^7,3.5674982157457585*10^8,-1.0699936337039895*10^9, 2.2881926312724385*10^9,-3.5081123398747727*10^9,3.8266883153602105*10^9,-2.898834657067154*10^9,1.4493667187888146* 10^9,-4.300252097841851*10^8,5.733669463789135*10^7,0,0,0,0,0];

[5.592812558196663*10^-13,-22.27698075634794, 2670.375910462649,-105838.3656017807,2062552.807302897,-2.350172167969872*10^7,1.7228154797529405*10^8,- 8.611595183207641*10^8,3.0441407081129407*10^9,-7.77816212232134*10^9,1.451740457882626*10^10,-1.979462983728142*10^10, 1.949343528107808*10^10,-1.349486636007751*10^10,6.228238097144068*10^9,-1.7201600182817697*10^9,2.1502000228522122*10^8 ,0,0,0,0];

[-3.35818728907862*10^-14,22.98332291108479,-3122.956861414823,140436.1695186788,-3111325.41738591, 4.043015533087106*10^7,-3.3950072671263265*10^8,1.955661974470959*10^9,-8.030548401120541*10^9,2.408783258958922*10^10, -5.352199521891572*10^10,8.854639416701309*10^10,-1.086631397796594*10^11,9.751343694564407*10^10,-6.214937916022392* 10^10,2.663492309226586*10^10,-6.8806272015885*10^9,8.094855531280588*10^8,0,0,0];

[2.042882500523313*10^-15,- 23.66870194648982,3618.615702843355,-183235.5848011801,4578758.616039202,-6.728284831145858*10^7, 6.412407272532787*10^8,-4.2128778428622005*10^9,1.98570001147383*10^10,-6.893771958420518*10^10,1.792172293236627*10^11, -3.518856452324918*10^11,5.224607106539514*10^11,-5.827145120865261*10^11,4.802413373293813*10^11,-2.835639253528378* 10^11,1.134238422568018*10^11,-2.752177114859897*10^10,3.0579745720665524*10^9,0,0];

[-1.091141015250462*10^-16, 24.33486761390943,-4158.639638704658,235537.548544398,-6592384.135063498,1.0873890017216888*10^8,- 1.1668239765214636*10^9,8.665995093127878*10^9,-4.641702548931334*10^10,1.843533597217862*10^11,-5.529991843421721*10^11 ,1.266760166248963*10^12,-2.226274364068444*10^12,2.996749354403139*10^12,-3.062490109283186*10^12,2.333258483995905* 10^12,-1.28326692455372*10^12,4.812193431942112*10^11,-1.1008225461165*10^11,1.158760574859474*10^10,0];

[ 5.942645496861989*10^-18,-24.98334105880574,4744.279468869508,-298759.4681942267,9308043.582261153,- 1.7121864774515783*10^8,2.054140440657271*10^9,-1.711454757834426*10^10,1.032823143395616*10^11,-4.64711017290777*10^11, 1.590179424121421*10^12,-4.191940400758088*10^12,8.573849595278265*10^12,-1.362950140908377*10^13,1.67740817013899*10^13 ,-1.581507045052381*10^13,1.120208722806178*10^13,-5.765690426068552*10^12,2.034930201350348*10^12,-4.403046100380556* 10^11,4.403046100380557*10^10]];